%YAML:1.0
---
cols: 4
rows: 4
vector:
   - [ 1, 0, 0, 0 ]
   - [ 2, 0, 1, -1 ]
   - [ 2, 4, 3, 7 ]
   - [ 0, -1, 2, 1 ]
